PE,0.004570,5,0.50,2750.00,0.05,AC-5,64.00,3.80,6.20
2024/03/04 20:00:03,PL
10.03,10.00,10nW 240304102516.ldat
3.80,1,0,0,3.33
3.85,0.25,0,0,3.54
3.90,0,0,0,3.76
3.95,0.25,0,0,3.97
4.00,0.5,0,0,4.18
4.05,0.75,0,0,4.40
4.10,0.5,0,0,4.62
4.15,0.25,0,0,4.85
4.20,1.25,0,0,5.07
4.25,0.5,0,0,5.24
4.30,1.25,0,0,5.40
4.35,0,0,0,5.54
4.40,1.25,0,0,5.70
4.45,1,0,0,5.89
4.50,1.25,0,0,6.12
4.55,3.25,0,0,6.37
4.60,4.25,0,0,6.68
4.65,7.25,0,0,6.98
4.70,15.5,0,0,7.28
4.75,25,0,0,7.60
4.80,35,0,0,7.94
4.85,45.25,0,0,8.30
4.90,58.5,0,0,8.68
4.95,72.25,0,0,9.03
5.00,81,0,0,9.32
5.05,89.25,0,0,9.61
5.10,101,0,0,9.86
5.15,105,0,0,10.24
5.20,116.25,0,0,10.46
5.25,121.25,0,0,10.64
5.30,124.75,0,0,10.81
5.35,129.5,0,0,10.88
5.40,132.5,0,0,10.89
5.45,134.5,0,0,10.77
5.50,138.5,0,0,10.73
5.55,145.25,0,0,10.75
5.60,146.75,0,0,10.69
5.65,150.5,0,0,10.67
5.70,151.5,0,0,10.63
5.75,153.25,0,0,10.57
5.80,156.25,0,0,10.44
5.85,158.25,0,0,10.31
5.90,161.25,0,0,10.10
5.95,161.5,0,0,9.73
6.00,162.5,0,0,9.48
6.05,165.75,0,0,9.21
6.10,166.5,0,0,8.88
6.15,167,0,0,8.51
6.20,168,0,0,8.08
