PE,0.004570,5,0.50,2750.00,0.05,AC-5,64.00,3.80,6.20
2024/03/04 18:49:41,PL
10.03,10.00,10nW 240304102516.ldat
3.80,1.463308,0,0,3.33
3.85,-0.0366922,0,0,3.54
3.90,-0.2866922,0,0,3.76
3.95,-0.2866922,0,0,3.97
4.00,-0.2866922,0,0,4.18
4.05,0.7133078,0,0,4.40
4.10,-0.0366922,0,0,4.62
4.15,-0.0366922,0,0,4.85
4.20,0.2133078,0,0,5.07
4.25,0.2133078,0,0,5.24
4.30,0.2133078,0,0,5.40
4.35,-0.0366922,0,0,5.54
4.40,1.463308,0,0,5.70
4.45,1.213308,0,0,5.89
4.50,0.2133078,0,0,6.12
4.55,2.963308,0,0,6.37
4.60,4.463308,0,0,6.68
4.65,9.213307,0,0,6.98
4.70,14.96331,0,0,7.28
4.75,22.46331,0,0,7.60
4.80,29.46331,0,0,7.94
4.85,41.46331,0,0,8.30
4.90,53.21331,0,0,8.68
4.95,70.46331,0,0,9.03
5.00,76.46331,0,0,9.32
5.05,88.21331,0,0,9.61
5.10,100.4633,0,0,9.86
5.15,107.2133,0,0,10.24
5.20,111.4633,0,0,10.46
5.25,120.4633,0,0,10.64
5.30,121.4633,0,0,10.81
5.35,129.2133,0,0,10.88
5.40,131.7133,0,0,10.89
5.45,133.9633,0,0,10.77
5.50,137.9633,0,0,10.73
5.55,142.7133,0,0,10.75
5.60,145.9633,0,0,10.69
5.65,148.7133,0,0,10.67
5.70,151.7133,0,0,10.63
5.75,153.7133,0,0,10.57
5.80,156.4633,0,0,10.44
5.85,160.4633,0,0,10.31
5.90,160.9633,0,0,10.10
5.95,163.9633,0,0,9.73
6.00,164.4633,0,0,9.48
6.05,165.4633,0,0,9.21
6.10,166.4633,0,0,8.88
6.15,167.7133,0,0,8.51
6.20,168.9633,0,0,8.08
