PE,0.004570,5,0.50,2750.00,0.05,AC-5,64.00,3.80,6.20
2024/03/04 17:31:22,PL
10.03,10.00,10nW 240304102516.ldat
3.80,0,0,0,3.33
3.85,0,0,0,3.54
3.90,0,0,0,3.76
3.95,0.25,0,0,3.97
4.00,0.5,0,0,4.18
4.05,0.5,0,0,4.40
4.10,0,0,0,4.62
4.15,1.5,0,0,4.85
4.20,0.5,0,0,5.07
4.25,0.5,0,0,5.24
4.30,0,0,0,5.40
4.35,0.25,0,0,5.54
4.40,0.5,0,0,5.70
4.45,0,0,0,5.89
4.50,0.5,0,0,6.12
4.55,2,0,0,6.37
4.60,2.25,0,0,6.68
4.65,3,0,0,6.98
4.70,11.25,0,0,7.28
4.75,14.25,0,0,7.60
4.80,23,0,0,7.94
4.85,34.5,0,0,8.30
4.90,45.5,0,0,8.68
4.95,59.5,0,0,9.03
5.00,75.5,0,0,9.32
5.05,86.5,0,0,9.61
5.10,96.5,0,0,9.86
5.15,106.5,0,0,10.24
5.20,111.75,0,0,10.46
5.25,118.25,0,0,10.64
5.30,124.5,0,0,10.81
5.35,127.25,0,0,10.88
5.40,134.25,0,0,10.89
5.45,136.25,0,0,10.77
5.50,139.25,0,0,10.73
5.55,143.75,0,0,10.75
5.60,146.25,0,0,10.69
5.65,150.25,0,0,10.67
5.70,151.5,0,0,10.63
5.75,156.25,0,0,10.57
5.80,158.25,0,0,10.44
5.85,160,0,0,10.31
5.90,161.5,0,0,10.10
5.95,164.5,0,0,9.73
6.00,165,0,0,9.48
6.05,165.25,0,0,9.21
6.10,167.5,0,0,8.88
6.15,168.5,0,0,8.51
6.20,169,0,0,8.08
