PE,0.004570,5,0.50,2750.00,0.05,AC-5,64.00,3.80,6.20
2024/03/04 20:47:00,PL
10.03,10.00,10nW 240304102516.ldat
3.80,0.75,0,0,3.33
3.85,1.25,0,0,3.54
3.90,0.25,0,0,3.76
3.95,0,0,0,3.97
4.00,0.5,0,0,4.18
4.05,0.5,0,0,4.40
4.10,1.25,0,0,4.62
4.15,0.5,0,0,4.85
4.20,0.75,0,0,5.07
4.25,0.25,0,0,5.24
4.30,0.75,0,0,5.40
4.35,0.75,0,0,5.54
4.40,0.75,0,0,5.70
4.45,0.75,0,0,5.89
4.50,2.75,0,0,6.12
4.55,3.5,0,0,6.37
4.60,4.5,0,0,6.68
4.65,9.5,0,0,6.98
4.70,16.5,0,0,7.28
4.75,27.75,0,0,7.60
4.80,38.75,0,0,7.94
4.85,48.75,0,0,8.30
4.90,63.75,0,0,8.68
4.95,72.75,0,0,9.03
5.00,86,0,0,9.32
5.05,95.25,0,0,9.61
5.10,102.25,0,0,9.86
5.15,111.5,0,0,10.24
5.20,120.5,0,0,10.46
5.25,121.5,0,0,10.64
5.30,126.25,0,0,10.81
5.35,129.25,0,0,10.88
5.40,135.75,0,0,10.89
5.45,137.75,0,0,10.77
5.50,140,0,0,10.73
5.55,145,0,0,10.75
5.60,148.75,0,0,10.69
5.65,151.25,0,0,10.67
5.70,152,0,0,10.63
5.75,154,0,0,10.57
5.80,157.5,0,0,10.44
5.85,159,0,0,10.31
5.90,159.25,0,0,10.10
5.95,162.5,0,0,9.73
6.00,164,0,0,9.48
6.05,162.25,0,0,9.21
6.10,167.5,0,0,8.88
6.15,169.75,0,0,8.51
6.20,167,0,0,8.08
