PE,0.004570,5,0.50,2750.00,0.05,AC-5,64.00,3.80,6.20
2024/03/04 15:57:26,PL
10.03,10.00,10nW 240304102516.ldat
3.80,0.75,0,0,3.33
3.85,0,0,0,3.54
3.90,0,0,0,3.76
3.95,0,0,0,3.97
4.00,0.25,0,0,4.18
4.05,0,0,0,4.40
4.10,0,0,0,4.62
4.15,0.25,0,0,4.85
4.20,0.5,0,0,5.07
4.25,0,0,0,5.24
4.30,0,0,0,5.40
4.35,0.75,0,0,5.54
4.40,0.25,0,0,5.70
4.45,1,0,0,5.89
4.50,0,0,0,6.12
4.55,0,0,0,6.37
4.60,2,0,0,6.68
4.65,2.75,0,0,6.98
4.70,1.5,0,0,7.28
4.75,2.75,0,0,7.60
4.80,6.5,0,0,7.94
4.85,12,0,0,8.30
4.90,23.75,0,0,8.68
4.95,28.5,0,0,9.03
5.00,45,0,0,9.32
5.05,55.5,0,0,9.61
5.10,71.5,0,0,9.86
5.15,79.75,0,0,10.24
5.20,91.25,0,0,10.46
5.25,100.75,0,0,10.64
5.30,111.75,0,0,10.81
5.35,117,0,0,10.88
5.40,122,0,0,10.89
5.45,130.75,0,0,10.77
5.50,133,0,0,10.73
5.55,137.75,0,0,10.75
5.60,138.5,0,0,10.69
5.65,146.5,0,0,10.67
5.70,149.75,0,0,10.63
5.75,154,0,0,10.57
5.80,156.5,0,0,10.44
5.85,157,0,0,10.31
5.90,160.25,0,0,10.10
5.95,161.25,0,0,9.73
6.00,164.5,0,0,9.48
6.05,167.25,0,0,9.21
6.10,166,0,0,8.88
6.15,168.75,0,0,8.51
6.20,169,0,0,8.08
