PE,0.004570,5,0.50,2750.00,0.05,AC-5,64.00,3.80,6.20
2024/03/04 18:26:12,PL
10.03,10.00,10nW 240304102516.ldat
3.80,0.75,0,0,3.33
3.85,1.5,0,0,3.54
3.90,0,0,0,3.76
3.95,0.25,0,0,3.97
4.00,0,0,0,4.18
4.05,0.75,0,0,4.40
4.10,0.5,0,0,4.62
4.15,0,0,0,4.85
4.20,0.75,0,0,5.07
4.25,0.5,0,0,5.24
4.30,2.5,0,0,5.40
4.35,1.25,0,0,5.54
4.40,0.5,0,0,5.70
4.45,2,0,0,5.89
4.50,4.25,0,0,6.12
4.55,1,0,0,6.37
4.60,2.75,0,0,6.68
4.65,5.75,0,0,6.98
4.70,11.25,0,0,7.28
4.75,17,0,0,7.60
4.80,25.5,0,0,7.94
4.85,38.25,0,0,8.30
4.90,54,0,0,8.68
4.95,63.5,0,0,9.03
5.00,72.75,0,0,9.32
5.05,87.75,0,0,9.61
5.10,98.75,0,0,9.86
5.15,107,0,0,10.24
5.20,113.5,0,0,10.46
5.25,118.75,0,0,10.64
5.30,125.5,0,0,10.81
5.35,126,0,0,10.88
5.40,130.5,0,0,10.89
5.45,137,0,0,10.77
5.50,139,0,0,10.73
5.55,141.5,0,0,10.75
5.60,146.25,0,0,10.69
5.65,148.75,0,0,10.67
5.70,151.5,0,0,10.63
5.75,154,0,0,10.57
5.80,155.5,0,0,10.44
5.85,159.5,0,0,10.31
5.90,161.25,0,0,10.10
5.95,164,0,0,9.73
6.00,163.25,0,0,9.48
6.05,166,0,0,9.21
6.10,166.5,0,0,8.88
6.15,168,0,0,8.51
6.20,166.75,0,0,8.08
