PE,0.004570,5,0.50,2750.00,0.05,AC-5,64.00,3.80,6.20
2024/03/04 22:52:14,PL
10.03,10.00,10nW 240304102516.ldat
3.80,1,0,0,3.33
3.85,0,0,0,3.54
3.90,0.5,0,0,3.76
3.95,0.5,0,0,3.97
4.00,0.5,0,0,4.18
4.05,0.75,0,0,4.40
4.10,1.5,0,0,4.62
4.15,0.75,0,0,4.85
4.20,0,0,0,5.07
4.25,0.75,0,0,5.24
4.30,0.75,0,0,5.40
4.35,2.25,0,0,5.54
4.40,1,0,0,5.70
4.45,2.25,0,0,5.89
4.50,2.25,0,0,6.12
4.55,5.75,0,0,6.37
4.60,10,0,0,6.68
4.65,18,0,0,6.98
4.70,22.25,0,0,7.28
4.75,28.75,0,0,7.60
4.80,44.75,0,0,7.94
4.85,57.25,0,0,8.30
4.90,68.5,0,0,8.68
4.95,79,0,0,9.03
5.00,94,0,0,9.32
5.05,103.75,0,0,9.61
5.10,105,0,0,9.86
5.15,115,0,0,10.24
5.20,121.5,0,0,10.46
5.25,123.75,0,0,10.64
5.30,130.5,0,0,10.81
5.35,133.75,0,0,10.88
5.40,137.75,0,0,10.89
5.45,137.5,0,0,10.77
5.50,141.5,0,0,10.73
5.55,148,0,0,10.75
5.60,149.5,0,0,10.69
5.65,150.5,0,0,10.67
5.70,154.5,0,0,10.63
5.75,157.5,0,0,10.57
5.80,159,0,0,10.44
5.85,161.75,0,0,10.31
5.90,162.75,0,0,10.10
5.95,163.25,0,0,9.73
6.00,165.25,0,0,9.48
6.05,166.75,0,0,9.21
6.10,168,0,0,8.88
6.15,167,0,0,8.51
6.20,169.75,0,0,8.08
