PE,0.004570,5,0.50,2750.00,0.05,AC-5,64.00,3.80,6.20
2024/03/04 22:28:46,PL
10.03,10.00,10nW 240304102516.ldat
3.80,0,0,0,3.33
3.85,0.5,0,0,3.54
3.90,0.25,0,0,3.76
3.95,0.25,0,0,3.97
4.00,0.25,0,0,4.18
4.05,0.25,0,0,4.40
4.10,1.25,0,0,4.62
4.15,1.5,0,0,4.85
4.20,0.75,0,0,5.07
4.25,1,0,0,5.24
4.30,0.5,0,0,5.40
4.35,1.25,0,0,5.54
4.40,1.25,0,0,5.70
4.45,2.25,0,0,5.89
4.50,4,0,0,6.12
4.55,3.25,0,0,6.37
4.60,8,0,0,6.68
4.65,13.75,0,0,6.98
4.70,20.25,0,0,7.28
4.75,32.5,0,0,7.60
4.80,42.75,0,0,7.94
4.85,55.5,0,0,8.30
4.90,64.75,0,0,8.68
4.95,82,0,0,9.03
5.00,88,0,0,9.32
5.05,101.25,0,0,9.61
5.10,110.75,0,0,9.86
5.15,117,0,0,10.24
5.20,121.25,0,0,10.46
5.25,127.5,0,0,10.64
5.30,132.25,0,0,10.81
5.35,134.25,0,0,10.88
5.40,137,0,0,10.89
5.45,139.5,0,0,10.77
5.50,142.75,0,0,10.73
5.55,147,0,0,10.75
5.60,149.5,0,0,10.69
5.65,151.5,0,0,10.67
5.70,155.25,0,0,10.63
5.75,158.25,0,0,10.57
5.80,158.25,0,0,10.44
5.85,162,0,0,10.31
5.90,163,0,0,10.10
5.95,164,0,0,9.73
6.00,165.75,0,0,9.48
6.05,166.5,0,0,9.21
6.10,167.75,0,0,8.88
6.15,168.25,0,0,8.51
6.20,171,0,0,8.08
