PE,0.004570,5,0.50,2750.00,0.05,AC-5,64.00,3.80,6.20
2024/03/04 22:36:34,PL
10.03,10.00,10nW 240304102516.ldat
3.80,0.25,0,0,3.33
3.85,0,0,0,3.54
3.90,0.25,0,0,3.76
3.95,0.25,0,0,3.97
4.00,0.25,0,0,4.18
4.05,3.25,0,0,4.40
4.10,1,0,0,4.62
4.15,0,0,0,4.85
4.20,1.5,0,0,5.07
4.25,1.25,0,0,5.24
4.30,0.75,0,0,5.40
4.35,1,0,0,5.54
4.40,1.75,0,0,5.70
4.45,1.5,0,0,5.89
4.50,4.75,0,0,6.12
4.55,3,0,0,6.37
4.60,7,0,0,6.68
4.65,12.75,0,0,6.98
4.70,20.5,0,0,7.28
4.75,32.75,0,0,7.60
4.80,38.25,0,0,7.94
4.85,56,0,0,8.30
4.90,70.25,0,0,8.68
4.95,79.75,0,0,9.03
5.00,91.5,0,0,9.32
5.05,102.5,0,0,9.61
5.10,111.5,0,0,9.86
5.15,115.25,0,0,10.24
5.20,122,0,0,10.46
5.25,124.5,0,0,10.64
5.30,132.5,0,0,10.81
5.35,130.75,0,0,10.88
5.40,135,0,0,10.89
5.45,141,0,0,10.77
5.50,143.25,0,0,10.73
5.55,146.5,0,0,10.75
5.60,149,0,0,10.69
5.65,153.75,0,0,10.67
5.70,155.5,0,0,10.63
5.75,156.5,0,0,10.57
5.80,159.5,0,0,10.44
5.85,160.75,0,0,10.31
5.90,162.5,0,0,10.10
5.95,165,0,0,9.73
6.00,164.75,0,0,9.48
6.05,167.75,0,0,9.21
6.10,168.5,0,0,8.88
6.15,168.75,0,0,8.51
6.20,170,0,0,8.08
