PE,0.004570,5,0.50,2710.00,0.05,AC-5,64.00,3.80,6.20
2024/02/29 04:26:52,Au
10.04,10.00,10nW 240228144459.ldat
3.80,-0.579361,0,0,3.36
3.85,-1.329361,0,0,3.57
3.90,-0.07936096,0,0,3.77
3.95,-0.829361,0,0,3.98
4.00,-1.579361,0,0,4.20
4.05,-1.829361,0,0,4.40
4.10,-1.829361,0,0,4.64
4.15,-1.329361,0,0,4.86
4.20,-1.579361,0,0,5.07
4.25,-1.579361,0,0,5.26
4.30,-2.579361,0,0,5.40
4.35,-1.329361,0,0,5.54
4.40,-2.579361,0,0,5.72
4.45,-2.829361,0,0,5.90
4.50,-2.329361,0,0,6.12
4.55,-2.579361,0,0,6.37
4.60,-3.079361,0,0,6.69
4.65,-3.079361,0,0,7.00
4.70,-3.079361,0,0,7.31
4.75,-2.579361,0,0,7.62
4.80,-2.829361,0,0,7.95
4.85,-2.579361,0,0,8.31
4.90,-2.579361,0,0,8.69
4.95,-1.829361,0,0,9.02
5.00,-1.579361,0,0,9.35
5.05,0.670639,0,0,9.62
5.10,3.420639,0,0,9.86
5.15,3.920639,0,0,10.18
5.20,8.420639,0,0,10.46
5.25,14.17064,0,0,10.58
5.30,20.92064,0,0,10.74
5.35,28.17064,0,0,10.81
5.40,28.42064,0,0,10.82
5.45,40.67064,0,0,10.71
5.50,42.42064,0,0,10.66
5.55,53.42064,0,0,10.68
5.60,53.67064,0,0,10.61
5.65,62.92064,0,0,10.60
5.70,67.67064,0,0,10.56
5.75,67.42064,0,0,10.43
5.80,80.92064,0,0,10.30
5.85,78.67064,0,0,10.16
5.90,84.17064,0,0,9.85
5.95,89.17064,0,0,9.65
6.00,93.42064,0,0,9.40
6.05,89.42064,0,0,9.11
6.10,100.1706,0,0,8.77
6.15,98.67064,0,0,8.43
6.20,99.42064,0,0,7.99
