PE,0.004570,5,0.50,2710.00,0.05,AC-5,64.00,3.80,6.20
2024/02/29 04:19:24,Au
10.04,10.00,10nW 240228144459.ldat
3.80,0.3737512,0,0,3.36
3.85,-2.876249,0,0,3.57
3.90,0.1237512,0,0,3.77
3.95,-1.626249,0,0,3.98
4.00,-2.626249,0,0,4.20
4.05,-0.3762488,0,0,4.40
4.10,-0.8762488,0,0,4.64
4.15,-2.626249,0,0,4.86
4.20,-2.126249,0,0,5.07
4.25,-0.8762488,0,0,5.26
4.30,-3.126249,0,0,5.40
4.35,-2.126249,0,0,5.54
4.40,-3.126249,0,0,5.72
4.45,-2.876249,0,0,5.90
4.50,-3.626249,0,0,6.12
4.55,-2.376249,0,0,6.37
4.60,-2.376249,0,0,6.69
4.65,-3.126249,0,0,7.00
4.70,-1.876249,0,0,7.31
4.75,-3.626249,0,0,7.62
4.80,-2.376249,0,0,7.95
4.85,-3.126249,0,0,8.31
4.90,-0.3762488,0,0,8.69
4.95,-3.626249,0,0,9.02
5.00,-1.126249,0,0,9.35
5.05,1.123751,0,0,9.62
5.10,0.8737512,0,0,9.86
5.15,6.123751,0,0,10.18
5.20,9.373751,0,0,10.46
5.25,14.37375,0,0,10.58
5.30,22.62375,0,0,10.74
5.35,28.62375,0,0,10.81
5.40,25.12375,0,0,10.82
5.45,35.87375,0,0,10.71
5.50,41.12375,0,0,10.66
5.55,44.12375,0,0,10.68
5.60,57.62375,0,0,10.61
5.65,57.62375,0,0,10.60
5.70,65.37375,0,0,10.56
5.75,75.87375,0,0,10.43
5.80,74.87375,0,0,10.30
5.85,79.12375,0,0,10.16
5.90,84.87375,0,0,9.85
5.95,86.62375,0,0,9.65
6.00,87.37375,0,0,9.40
6.05,93.87375,0,0,9.11
6.10,95.37375,0,0,8.77
6.15,92.87375,0,0,8.43
6.20,95.62375,0,0,7.99
