PE,0.004570,5,0.50,2710.00,0.05,AC-5,64.00,3.80,6.20
2024/02/29 04:04:30,Au
10.04,10.00,10nW 240228144459.ldat
3.80,1.262181,0,0,3.36
3.85,-0.7378194,0,0,3.57
3.90,-0.4878194,0,0,3.77
3.95,0.2621806,0,0,3.98
4.00,-1.737819,0,0,4.20
4.05,-0.2378194,0,0,4.40
4.10,1.512181,0,0,4.64
4.15,0.5121806,0,0,4.86
4.20,0.5121806,0,0,5.07
4.25,-1.487819,0,0,5.26
4.30,-0.4878194,0,0,5.40
4.35,-0.9878194,0,0,5.54
4.40,0.01218057,0,0,5.72
4.45,-1.987819,0,0,5.90
4.50,-0.4878194,0,0,6.12
4.55,-1.237819,0,0,6.37
4.60,-1.737819,0,0,6.69
4.65,-1.237819,0,0,7.00
4.70,0.7621806,0,0,7.31
4.75,-1.737819,0,0,7.62
4.80,-1.987819,0,0,7.95
4.85,-1.487819,0,0,8.31
4.90,-1.487819,0,0,8.69
4.95,-1.237819,0,0,9.02
5.00,-0.2378194,0,0,9.35
5.05,0.7621806,0,0,9.62
5.10,2.262181,0,0,9.86
5.15,8.76218,0,0,10.18
5.20,9.76218,0,0,10.46
5.25,14.51218,0,0,10.58
5.30,24.76218,0,0,10.74
5.35,30.51218,0,0,10.81
5.40,33.26218,0,0,10.82
5.45,40.01218,0,0,10.71
5.50,47.26218,0,0,10.66
5.55,52.51218,0,0,10.68
5.60,50.76218,0,0,10.61
5.65,61.01218,0,0,10.60
5.70,70.76218,0,0,10.56
5.75,70.01218,0,0,10.43
5.80,76.51218,0,0,10.30
5.85,86.26218,0,0,10.16
5.90,81.76218,0,0,9.85
5.95,83.01218,0,0,9.65
6.00,91.76218,0,0,9.40
6.05,90.26218,0,0,9.11
6.10,98.76218,0,0,8.77
6.15,100.5122,0,0,8.43
6.20,99.26218,0,0,7.99
