PE,0.004570,5,0.50,2710.00,0.05,AC-5,64.00,3.80,6.20
2024/02/29 03:42:11,Au
10.04,10.00,10nW 240228144459.ldat
3.80,-1.371969,0,0,3.36
3.85,-0.3719687,0,0,3.57
3.90,-1.871969,0,0,3.77
3.95,-2.121969,0,0,3.98
4.00,-1.871969,0,0,4.20
4.05,-3.621969,0,0,4.40
4.10,-1.371969,0,0,4.64
4.15,-2.871969,0,0,4.86
4.20,-3.871969,0,0,5.07
4.25,-3.871969,0,0,5.26
4.30,-2.621969,0,0,5.40
4.35,-2.121969,0,0,5.54
4.40,-2.121969,0,0,5.72
4.45,-3.871969,0,0,5.90
4.50,-2.121969,0,0,6.12
4.55,-2.871969,0,0,6.37
4.60,-2.371969,0,0,6.69
4.65,-5.121969,0,0,7.00
4.70,-2.621969,0,0,7.31
4.75,-4.621969,0,0,7.62
4.80,-3.371969,0,0,7.95
4.85,-3.871969,0,0,8.31
4.90,-2.371969,0,0,8.69
4.95,-4.621969,0,0,9.02
5.00,-2.621969,0,0,9.35
5.05,-2.871969,0,0,9.62
5.10,-1.371969,0,0,9.86
5.15,6.878031,0,0,10.18
5.20,7.878031,0,0,10.46
5.25,14.62803,0,0,10.58
5.30,13.37803,0,0,10.74
5.35,24.87803,0,0,10.81
5.40,23.12803,0,0,10.82
5.45,31.87803,0,0,10.71
5.50,42.62803,0,0,10.66
5.55,45.87803,0,0,10.68
5.60,55.62803,0,0,10.61
5.65,53.87803,0,0,10.60
5.70,61.12803,0,0,10.56
5.75,67.62803,0,0,10.43
5.80,74.87803,0,0,10.30
5.85,72.87803,0,0,10.16
5.90,77.37803,0,0,9.85
5.95,89.62803,0,0,9.65
6.00,88.12803,0,0,9.40
6.05,86.12803,0,0,9.11
6.10,95.37803,0,0,8.77
6.15,94.37803,0,0,8.43
6.20,90.37803,0,0,7.99
