PE,0.004570,5,0.50,2710.00,0.05,AC-5,64.00,3.80,6.20
2024/02/29 04:11:57,Au
10.04,10.00,10nW 240228144459.ldat
3.80,-1.626249,0,0,3.36
3.85,-0.3762488,0,0,3.57
3.90,-0.3762488,0,0,3.77
3.95,-2.376249,0,0,3.98
4.00,-0.8762488,0,0,4.20
4.05,-2.376249,0,0,4.40
4.10,-0.6262488,0,0,4.64
4.15,-1.626249,0,0,4.86
4.20,0.6237512,0,0,5.07
4.25,-1.626249,0,0,5.26
4.30,-2.376249,0,0,5.40
4.35,-2.876249,0,0,5.54
4.40,-2.626249,0,0,5.72
4.45,-1.126249,0,0,5.90
4.50,-3.376249,0,0,6.12
4.55,-3.126249,0,0,6.37
4.60,-2.876249,0,0,6.69
4.65,-3.376249,0,0,7.00
4.70,-3.376249,0,0,7.31
4.75,-3.626249,0,0,7.62
4.80,-1.876249,0,0,7.95
4.85,-2.876249,0,0,8.31
4.90,-2.126249,0,0,8.69
4.95,-0.3762488,0,0,9.02
5.00,-0.8762488,0,0,9.35
5.05,3.873751,0,0,9.62
5.10,3.873751,0,0,9.86
5.15,6.873751,0,0,10.18
5.20,5.873751,0,0,10.46
5.25,14.62375,0,0,10.58
5.30,19.37375,0,0,10.74
5.35,22.37375,0,0,10.81
5.40,32.37375,0,0,10.82
5.45,38.87375,0,0,10.71
5.50,43.12375,0,0,10.66
5.55,51.62375,0,0,10.68
5.60,57.87375,0,0,10.61
5.65,56.37375,0,0,10.60
5.70,67.12375,0,0,10.56
5.75,75.87375,0,0,10.43
5.80,75.12375,0,0,10.30
5.85,78.37375,0,0,10.16
5.90,82.87375,0,0,9.85
5.95,84.12375,0,0,9.65
6.00,91.87375,0,0,9.40
6.05,94.37375,0,0,9.11
6.10,94.12375,0,0,8.77
6.15,98.37375,0,0,8.43
6.20,99.87375,0,0,7.99
