PE,0.004570,5,0.50,2710.00,0.05,AC-5,64.00,3.80,6.20
2024/02/29 04:49:13,Au
10.04,10.00,10nW 240228144459.ldat
3.80,-0.923388,0,0,3.36
3.85,-4.173388,0,0,3.57
3.90,-2.423388,0,0,3.77
3.95,0.076612,0,0,3.98
4.00,-1.423388,0,0,4.20
4.05,-3.673388,0,0,4.40
4.10,-1.173388,0,0,4.64
4.15,-1.423388,0,0,4.86
4.20,-3.673388,0,0,5.07
4.25,-3.673388,0,0,5.26
4.30,-3.923388,0,0,5.40
4.35,-3.923388,0,0,5.54
4.40,-4.673388,0,0,5.72
4.45,-4.423388,0,0,5.90
4.50,-2.673388,0,0,6.12
4.55,-5.173388,0,0,6.37
4.60,-5.173388,0,0,6.69
4.65,-4.423388,0,0,7.00
4.70,-4.423388,0,0,7.31
4.75,-3.923388,0,0,7.62
4.80,-3.923388,0,0,7.95
4.85,-4.673388,0,0,8.31
4.90,-5.423388,0,0,8.69
4.95,-3.173388,0,0,9.02
5.00,-0.423388,0,0,9.35
5.05,0.076612,0,0,9.62
5.10,3.576612,0,0,9.86
5.15,4.576612,0,0,10.18
5.20,13.32661,0,0,10.46
5.25,19.57661,0,0,10.58
5.30,15.82661,0,0,10.74
5.35,24.57661,0,0,10.81
5.40,34.82661,0,0,10.82
5.45,37.57661,0,0,10.71
5.50,42.32661,0,0,10.66
5.55,45.82661,0,0,10.68
5.60,55.07661,0,0,10.61
5.65,61.32661,0,0,10.60
5.70,63.32661,0,0,10.56
5.75,70.57661,0,0,10.43
5.80,80.82661,0,0,10.30
5.85,78.82661,0,0,10.16
5.90,80.32661,0,0,9.85
5.95,86.82661,0,0,9.65
6.00,91.57661,0,0,9.40
6.05,93.32661,0,0,9.11
6.10,90.82661,0,0,8.77
6.15,93.57661,0,0,8.43
6.20,98.82661,0,0,7.99
