PE,0.004570,5,0.50,2710.00,0.05,AC-5,64.00,3.80,6.20
2024/02/29 04:34:19,Au
10.04,10.00,10nW 240228144459.ldat
3.80,-0.4431603,0,0,3.36
3.85,0.0568397,0,0,3.57
3.90,0.8068397,0,0,3.77
3.95,0.0568397,0,0,3.98
4.00,0.8068397,0,0,4.20
4.05,0.5568397,0,0,4.40
4.10,0.0568397,0,0,4.64
4.15,-0.1931603,0,0,4.86
4.20,1.80684,0,0,5.07
4.25,-1.69316,0,0,5.26
4.30,-0.6931603,0,0,5.40
4.35,-1.69316,0,0,5.54
4.40,-1.69316,0,0,5.72
4.45,-1.19316,0,0,5.90
4.50,-0.1931603,0,0,6.12
4.55,-1.69316,0,0,6.37
4.60,-1.69316,0,0,6.69
4.65,-2.19316,0,0,7.00
4.70,-2.19316,0,0,7.31
4.75,-2.69316,0,0,7.62
4.80,-1.69316,0,0,7.95
4.85,-0.9431603,0,0,8.31
4.90,-0.9431603,0,0,8.69
4.95,0.3068397,0,0,9.02
5.00,-1.19316,0,0,9.35
5.05,3.30684,0,0,9.62
5.10,1.30684,0,0,9.86
5.15,8.80684,0,0,10.18
5.20,12.05684,0,0,10.46
5.25,16.30684,0,0,10.58
5.30,21.30684,0,0,10.74
5.35,21.55684,0,0,10.81
5.40,33.30684,0,0,10.82
5.45,37.30684,0,0,10.71
5.50,50.55684,0,0,10.66
5.55,53.05684,0,0,10.68
5.60,59.30684,0,0,10.61
5.65,61.30684,0,0,10.60
5.70,70.55684,0,0,10.56
5.75,72.30684,0,0,10.43
5.80,76.80684,0,0,10.30
5.85,81.05684,0,0,10.16
5.90,88.80684,0,0,9.85
5.95,89.05684,0,0,9.65
6.00,87.55684,0,0,9.40
6.05,95.80684,0,0,9.11
6.10,96.05684,0,0,8.77
6.15,96.30684,0,0,8.43
6.20,94.05684,0,0,7.99
