PE,0.004570,5,0.50,2760.00,0.05,AC-5,64.00,3.80,6.20
2024/03/05 15:02:52,NL
9.96,10.00,10nW 240305083440.ldat
3.80,0.5,0,0,3.30
3.85,0,0,0,3.52
3.90,0.25,0,0,3.72
3.95,0,0,0,3.92
4.00,0.25,0,0,4.13
4.05,0,0,0,4.36
4.10,0,0,0,4.57
4.15,0,0,0,4.80
4.20,0.25,0,0,5.01
4.25,1,0,0,5.19
4.30,0.75,0,0,5.34
4.35,0.25,0,0,5.49
4.40,1.5,0,0,5.65
4.45,0,0,0,5.84
4.50,3.25,0,0,6.07
4.55,0.5,0,0,6.32
4.60,1.25,0,0,6.62
4.65,2.25,0,0,6.92
4.70,3,0,0,7.22
4.75,3,0,0,7.54
4.80,1,0,0,7.88
4.85,5.25,0,0,8.23
4.90,6.25,0,0,8.60
4.95,5.25,0,0,8.92
5.00,15.75,0,0,9.24
5.05,13.25,0,0,9.52
5.10,20.25,0,0,9.74
5.15,37.75,0,0,9.95
5.20,44.75,0,0,10.33
5.25,59.5,0,0,10.58
5.30,63.75,0,0,10.67
5.35,78.75,0,0,10.67
5.40,84.5,0,0,10.69
5.45,96.25,0,0,10.64
5.50,103.5,0,0,10.59
5.55,110.5,0,0,10.61
5.60,114.75,0,0,10.54
5.65,119.5,0,0,10.53
5.70,126,0,0,10.49
5.75,127.75,0,0,10.43
5.80,130.25,0,0,10.30
5.85,132.5,0,0,10.16
5.90,137.25,0,0,9.78
5.95,139.5,0,0,9.61
6.00,141.25,0,0,9.35
6.05,144,0,0,9.09
6.10,146.5,0,0,8.76
6.15,146.5,0,0,8.42
6.20,148.75,0,0,8.00
