PE,0.004570,5,0.50,2760.00,0.05,AC-5,64.00,3.80,6.20
2024/03/05 16:02:49,NL
9.96,10.00,10nW 240305083440.ldat
3.80,-0.2866922,0,0,3.30
3.85,-0.2866922,0,0,3.52
3.90,-0.2866922,0,0,3.72
3.95,-0.2866922,0,0,3.92
4.00,-0.2866922,0,0,4.13
4.05,-0.2866922,0,0,4.36
4.10,-0.2866922,0,0,4.57
4.15,0.2133078,0,0,4.80
4.20,0.9633078,0,0,5.01
4.25,0.2133078,0,0,5.19
4.30,0.9633078,0,0,5.34
4.35,0.7133078,0,0,5.49
4.40,0.2133078,0,0,5.65
4.45,0.4633078,0,0,5.84
4.50,0.7133078,0,0,6.07
4.55,-0.2866922,0,0,6.32
4.60,0.7133078,0,0,6.62
4.65,1.713308,0,0,6.92
4.70,0.7133078,0,0,7.22
4.75,0.7133078,0,0,7.54
4.80,1.213308,0,0,7.88
4.85,1.963308,0,0,8.23
4.90,6.713308,0,0,8.60
4.95,7.713308,0,0,8.92
5.00,12.46331,0,0,9.24
5.05,17.71331,0,0,9.52
5.10,26.21331,0,0,9.74
5.15,36.46331,0,0,9.95
5.20,52.46331,0,0,10.33
5.25,64.46331,0,0,10.58
5.30,69.71331,0,0,10.67
5.35,82.21331,0,0,10.67
5.40,90.46331,0,0,10.69
5.45,96.21331,0,0,10.64
5.50,100.7133,0,0,10.59
5.55,105.7133,0,0,10.61
5.60,116.2133,0,0,10.54
5.65,117.9633,0,0,10.53
5.70,123.4633,0,0,10.49
5.75,125.7133,0,0,10.43
5.80,129.4633,0,0,10.30
5.85,135.4633,0,0,10.16
5.90,135.4633,0,0,9.78
5.95,139.4633,0,0,9.61
6.00,139.2133,0,0,9.35
6.05,144.2133,0,0,9.09
6.10,145.9633,0,0,8.76
6.15,147.2133,0,0,8.42
6.20,146.9633,0,0,8.00
