PE,0.004570,5,0.50,2760.00,0.05,AC-5,64.00,3.80,6.20
2024/03/05 11:03:58,NL
9.96,10.00,10nW 240305083440.ldat
3.80,0,0,0,3.30
3.85,0.5,0,0,3.52
3.90,0.25,0,0,3.72
3.95,0.75,0,0,3.92
4.00,0.25,0,0,4.13
4.05,0,0,0,4.36
4.10,0,0,0,4.57
4.15,0.25,0,0,4.80
4.20,0,0,0,5.01
4.25,0.25,0,0,5.19
4.30,0.25,0,0,5.34
4.35,0,0,0,5.49
4.40,0,0,0,5.65
4.45,0,0,0,5.84
4.50,0,0,0,6.07
4.55,1,0,0,6.32
4.60,0.25,0,0,6.62
4.65,1.5,0,0,6.92
4.70,0.5,0,0,7.22
4.75,1.75,0,0,7.54
4.80,2.5,0,0,7.88
4.85,1.75,0,0,8.23
4.90,2.5,0,0,8.60
4.95,3,0,0,8.92
5.00,7.5,0,0,9.24
5.05,10,0,0,9.52
5.10,11,0,0,9.74
5.15,19.5,0,0,9.95
5.20,31.5,0,0,10.33
5.25,36,0,0,10.58
5.30,56.5,0,0,10.67
5.35,64.75,0,0,10.67
5.40,75.75,0,0,10.69
5.45,87,0,0,10.64
5.50,92.5,0,0,10.59
5.55,102.25,0,0,10.61
5.60,112.5,0,0,10.54
5.65,115.75,0,0,10.53
5.70,121.5,0,0,10.49
5.75,127.5,0,0,10.43
5.80,130.25,0,0,10.30
5.85,130.75,0,0,10.16
5.90,137.75,0,0,9.78
5.95,139.25,0,0,9.61
6.00,142,0,0,9.35
6.05,142.75,0,0,9.09
6.10,144.75,0,0,8.76
6.15,146.25,0,0,8.42
6.20,149.75,0,0,8.00
