PE,0.004570,5,0.50,2760.00,0.05,AC-5,64.00,3.80,6.20
2024/03/05 10:04:17,NL
9.96,10.00,10nW 240305083440.ldat
3.80,0,0,0,3.30
3.85,0.25,0,0,3.52
3.90,0,0,0,3.72
3.95,0,0,0,3.92
4.00,1,0,0,4.13
4.05,0,0,0,4.36
4.10,0,0,0,4.57
4.15,1.25,0,0,4.80
4.20,0,0,0,5.01
4.25,0.5,0,0,5.19
4.30,0.5,0,0,5.34
4.35,0.25,0,0,5.49
4.40,0,0,0,5.65
4.45,0,0,0,5.84
4.50,0,0,0,6.07
4.55,0,0,0,6.32
4.60,0.5,0,0,6.62
4.65,0.75,0,0,6.92
4.70,0.75,0,0,7.22
4.75,1,0,0,7.54
4.80,1.75,0,0,7.88
4.85,3.5,0,0,8.23
4.90,3,0,0,8.60
4.95,3,0,0,8.92
5.00,4.5,0,0,9.24
5.05,5.75,0,0,9.52
5.10,8,0,0,9.74
5.15,15.5,0,0,9.95
5.20,25,0,0,10.33
5.25,33.25,0,0,10.58
5.30,48.75,0,0,10.67
5.35,57.75,0,0,10.67
5.40,70,0,0,10.69
5.45,82,0,0,10.64
5.50,96.25,0,0,10.59
5.55,94.75,0,0,10.61
5.60,107.25,0,0,10.54
5.65,114,0,0,10.53
5.70,119.25,0,0,10.49
5.75,121.75,0,0,10.43
5.80,129.5,0,0,10.30
5.85,130.5,0,0,10.16
5.90,135,0,0,9.78
5.95,138,0,0,9.61
6.00,139,0,0,9.35
6.05,143.25,0,0,9.09
6.10,143.75,0,0,8.76
6.15,144.5,0,0,8.42
6.20,146.75,0,0,8.00
