PE,0.004570,5,0.50,2760.00,0.05,AC-5,64.00,3.80,6.20
2024/03/05 20:53:13,PH
9.96,10.00,10nW 240305083440.ldat
3.80,0,0,0,3.30
3.85,0.5,0,0,3.52
3.90,0.25,0,0,3.72
3.95,0,0,0,3.92
4.00,0,0,0,4.13
4.05,0.75,0,0,4.36
4.10,0.75,0,0,4.57
4.15,0.5,0,0,4.80
4.20,0.25,0,0,5.01
4.25,0,0,0,5.19
4.30,1.5,0,0,5.34
4.35,0.25,0,0,5.49
4.40,0,0,0,5.65
4.45,0,0,0,5.84
4.50,0,0,0,6.07
4.55,2.5,0,0,6.32
4.60,0,0,0,6.62
4.65,1,0,0,6.92
4.70,1,0,0,7.22
4.75,1.25,0,0,7.54
4.80,0.5,0,0,7.88
4.85,0.75,0,0,8.23
4.90,3,0,0,8.60
4.95,1.5,0,0,8.92
5.00,3.5,0,0,9.24
5.05,11,0,0,9.52
5.10,19,0,0,9.74
5.15,34.25,0,0,9.95
5.20,47.5,0,0,10.33
5.25,60.5,0,0,10.58
5.30,76.5,0,0,10.67
5.35,84.5,0,0,10.67
5.40,92.25,0,0,10.69
5.45,99,0,0,10.64
5.50,105.25,0,0,10.59
5.55,107.5,0,0,10.61
5.60,115.5,0,0,10.54
5.65,122.5,0,0,10.53
5.70,122,0,0,10.49
5.75,128.25,0,0,10.43
5.80,130,0,0,10.30
5.85,134.75,0,0,10.16
5.90,140.25,0,0,9.78
5.95,141.75,0,0,9.61
6.00,141.25,0,0,9.35
6.05,145,0,0,9.09
6.10,148.25,0,0,8.76
6.15,146.75,0,0,8.42
6.20,149,0,0,8.00
