PE,0.004570,5,0.50,2760.00,0.05,AC-5,64.00,3.80,6.20
2024/03/05 23:22:21,PH
9.96,10.00,10nW 240305083440.ldat
3.80,0,0,0,3.30
3.85,0,0,0,3.52
3.90,0,0,0,3.72
3.95,0.25,0,0,3.92
4.00,0.5,0,0,4.13
4.05,0,0,0,4.36
4.10,0,0,0,4.57
4.15,0.25,0,0,4.80
4.20,1.5,0,0,5.01
4.25,0.5,0,0,5.19
4.30,0.25,0,0,5.34
4.35,3.5,0,0,5.49
4.40,0.75,0,0,5.65
4.45,0,0,0,5.84
4.50,0,0,0,6.07
4.55,1,0,0,6.32
4.60,0,0,0,6.62
4.65,0.75,0,0,6.92
4.70,0.25,0,0,7.22
4.75,0.25,0,0,7.54
4.80,1,0,0,7.88
4.85,2.5,0,0,8.23
4.90,3.75,0,0,8.60
4.95,7,0,0,8.92
5.00,9.5,0,0,9.24
5.05,24.5,0,0,9.52
5.10,31.75,0,0,9.74
5.15,49,0,0,9.95
5.20,63.75,0,0,10.33
5.25,66.5,0,0,10.58
5.30,83.75,0,0,10.67
5.35,93,0,0,10.67
5.40,96.5,0,0,10.69
5.45,104.25,0,0,10.64
5.50,107.5,0,0,10.59
5.55,117,0,0,10.61
5.60,121.25,0,0,10.54
5.65,124.25,0,0,10.53
5.70,127.5,0,0,10.49
5.75,130.25,0,0,10.43
5.80,134.25,0,0,10.30
5.85,139.75,0,0,10.16
5.90,140,0,0,9.78
5.95,140.5,0,0,9.61
6.00,143.75,0,0,9.35
6.05,145.75,0,0,9.09
6.10,147.75,0,0,8.76
6.15,150.75,0,0,8.42
6.20,150.75,0,0,8.00
