PE,0.004570,5,0.50,2740.00,0.05,AC-5,64.00,3.80,6.20
2024/03/06 15:31:21,NH
10.07,10.00,10nW 240306090203.ldat
3.80,0,0,0,3.33
3.85,0,0,0,3.54
3.90,0.5,0,0,3.75
3.95,0.25,0,0,3.95
4.00,0,0,0,4.17
4.05,0,0,0,4.39
4.10,0.5,0,0,4.62
4.15,0.5,0,0,4.84
4.20,0,0,0,5.06
4.25,0.25,0,0,5.24
4.30,0,0,0,5.39
4.35,0.75,0,0,5.55
4.40,1,0,0,5.72
4.45,0.5,0,0,5.90
4.50,0,0,0,6.11
4.55,0.5,0,0,6.38
4.60,0.5,0,0,6.68
4.65,1,0,0,6.99
4.70,1,0,0,7.29
4.75,3.25,0,0,7.60
4.80,2.5,0,0,7.95
4.85,2.75,0,0,8.32
4.90,2.75,0,0,8.69
4.95,4.75,0,0,9.02
5.00,13,0,0,9.33
5.05,16.75,0,0,9.62
5.10,31.75,0,0,9.84
5.15,45.5,0,0,10.24
5.20,57.25,0,0,10.46
5.25,71.25,0,0,10.64
5.30,78.25,0,0,10.74
5.35,90.5,0,0,10.81
5.40,96.5,0,0,10.82
5.45,105,0,0,10.77
5.50,111.25,0,0,10.66
5.55,118.75,0,0,10.68
5.60,119.25,0,0,10.69
5.65,121.75,0,0,10.60
5.70,130.75,0,0,10.56
5.75,132.25,0,0,10.50
5.80,133.5,0,0,10.37
5.85,136.75,0,0,10.24
5.90,138.75,0,0,10.10
5.95,140,0,0,9.71
6.00,143.5,0,0,9.48
6.05,144.75,0,0,9.21
6.10,146.25,0,0,8.89
6.15,150.25,0,0,8.52
6.20,146.75,0,0,8.11
