PE,0.004570,5,0.50,2740.00,0.05,AC-5,64.00,3.80,6.20
2024/03/06 13:09:25,NH
10.07,10.00,10nW 240306090203.ldat
3.80,0.5,0,0,3.33
3.85,0.25,0,0,3.54
3.90,0,0,0,3.75
3.95,0,0,0,3.95
4.00,0.25,0,0,4.17
4.05,0,0,0,4.39
4.10,0,0,0,4.62
4.15,0.75,0,0,4.84
4.20,0.25,0,0,5.06
4.25,0.25,0,0,5.24
4.30,0.25,0,0,5.39
4.35,0,0,0,5.55
4.40,1.25,0,0,5.72
4.45,1,0,0,5.90
4.50,0.25,0,0,6.11
4.55,0.75,0,0,6.38
4.60,0.75,0,0,6.68
4.65,0.75,0,0,6.99
4.70,1.75,0,0,7.29
4.75,1.75,0,0,7.60
4.80,0.5,0,0,7.95
4.85,1.25,0,0,8.32
4.90,2.5,0,0,8.69
4.95,2.75,0,0,9.02
5.00,8.25,0,0,9.33
5.05,12.5,0,0,9.62
5.10,21.5,0,0,9.84
5.15,35.5,0,0,10.24
5.20,46,0,0,10.46
5.25,62.75,0,0,10.64
5.30,70.25,0,0,10.74
5.35,87.5,0,0,10.81
5.40,92.25,0,0,10.82
5.45,102,0,0,10.77
5.50,106.5,0,0,10.66
5.55,112.5,0,0,10.68
5.60,118.25,0,0,10.69
5.65,121.75,0,0,10.60
5.70,125.75,0,0,10.56
5.75,131.5,0,0,10.50
5.80,130.75,0,0,10.37
5.85,135.75,0,0,10.24
5.90,137.5,0,0,10.10
5.95,142.75,0,0,9.71
6.00,141.75,0,0,9.48
6.05,144.25,0,0,9.21
6.10,145.5,0,0,8.89
6.15,149.25,0,0,8.52
6.20,149.5,0,0,8.11
